array([[106, 106, 106, ..., 106, 106, 106],
       [106, 106, 106, ..., 106, 106, 106],
       [106, 106, 106, ..., 106, 106, 106],
       ...,
       [105, 105, 105, ..., 105, 105, 105],
       [105, 105, 105, ..., 105, 105, 105],
       [105, 105, 105, ..., 105, 105, 105]], dtype=uint8)array([[237, 237, 237, ..., 237, 237, 237],
       [237, 237, 237, ..., 237, 237, 237],
       [237, 237, 237, ..., 237, 237, 237],
       ...,
       [240, 240, 240, ..., 240, 240, 240],
       [240, 240, 240, ..., 240, 240, 240],
       [240, 240, 240, ..., 240, 240, 240]], dtype=uint8)array([[248, 248, 248, ..., 248, 248, 248],
       [248, 248, 248, ..., 248, 248, 248],
       [248, 248, 248, ..., 248, 248, 248],
       ...,
       [248, 248, 248, ..., 248, 248, 248],
       [248, 248, 248, ..., 248, 248, 248],
       [248, 248, 248, ..., 248, 248, 248]], dtype=uint8)


array([[106, 106, 106, ..., 106, 106, 106],
       [106, 106, 106, ..., 106, 106, 106],
       [106, 106, 106, ..., 106, 106, 106],
       ...,
       [105, 105, 105, ..., 105, 105, 105],
       [105, 105, 105, ..., 105, 105, 105],
       [105, 105, 105, ..., 105, 105, 105]], dtype=uint8)array([[237, 237, 237, ..., 237, 237, 237],
       [237, 237, 237, ..., 237, 237, 237],
       [237, 237, 237, ..., 237, 237, 237],
       ...,
       [240, 240, 240, ..., 240, 240, 240],
       [240, 240, 240, ..., 240, 240, 240],
       [240, 240, 240, ..., 240, 240, 240]], dtype=uint8)array([[248, 248, 248, ..., 248, 248, 248],
       [248, 248, 248, ..., 248, 248, 248],
       [248, 248, 248, ..., 248, 248, 248],
       ...,
       [248, 248, 248, ..., 248, 248, 248],
       [248, 248, 248, ..., 248, 248, 248],
       [248, 248, 248, ..., 248, 248, 248]], dtype=uint8)


array([[106, 106, 106, ..., 106, 106, 106],
       [106, 106, 106, ..., 106, 106, 106],
       [106, 106, 106, ..., 106, 106, 106],
       ...,
       [105, 105, 105, ..., 105, 105, 105],
       [105, 105, 105, ..., 105, 105, 105],
       [105, 105, 105, ..., 105, 105, 105]], dtype=uint8)array([[237, 237, 237, ..., 237, 237, 237],
       [237, 237, 237, ..., 237, 237, 237],
       [237, 237, 237, ..., 237, 237, 237],
       ...,
       [240, 240, 240, ..., 240, 240, 240],
       [240, 240, 240, ..., 240, 240, 240],
       [240, 240, 240, ..., 240, 240, 240]], dtype=uint8)array([[248, 248, 248, ..., 248, 248, 248],
       [248, 248, 248, ..., 248, 248, 248],
       [248, 248, 248, ..., 248, 248, 248],
       ...,
       [248, 248, 248, ..., 248, 248, 248],
       [248, 248, 248, ..., 248, 248, 248],
       [248, 248, 248, ..., 248, 248, 248]], dtype=uint8)


array([[106, 106, 106, ..., 106, 106, 106],
       [106, 106, 106, ..., 106, 106, 106],
       [106, 106, 106, ..., 106, 106, 106],
       ...,
       [105, 105, 105, ..., 105, 105, 105],
       [105, 105, 105, ..., 105, 105, 105],
       [105, 105, 105, ..., 105, 105, 105]], dtype=uint8)array([[237, 237, 237, ..., 237, 237, 237],
       [237, 237, 237, ..., 237, 237, 237],
       [237, 237, 237, ..., 237, 237, 237],
       ...,
       [240, 240, 240, ..., 240, 240, 240],
       [240, 240, 240, ..., 240, 240, 240],
       [240, 240, 240, ..., 240, 240, 240]], dtype=uint8)array([[248, 248, 248, ..., 248, 248, 248],
       [248, 248, 248, ..., 248, 248, 248],
       [248, 248, 248, ..., 248, 248, 248],
       ...,
       [248, 248, 248, ..., 248, 248, 248],
       [248, 248, 248, ..., 248, 248, 248],
       [248, 248, 248, ..., 248, 248, 248]], dtype=uint8)


array([[106, 106, 106, ..., 106, 106, 106],
       [106, 106, 106, ..., 106, 106, 106],
       [106, 106, 106, ..., 106, 106, 106],
       ...,
       [105, 105, 105, ..., 105, 105, 105],
       [105, 105, 105, ..., 105, 105, 105],
       [105, 105, 105, ..., 105, 105, 105]], dtype=uint8)array([[237, 237, 237, ..., 237, 237, 237],
       [237, 237, 237, ..., 237, 237, 237],
       [237, 237, 237, ..., 237, 237, 237],
       ...,
       [240, 240, 240, ..., 240, 240, 240],
       [240, 240, 240, ..., 240, 240, 240],
       [240, 240, 240, ..., 240, 240, 240]], dtype=uint8)array([[248, 248, 248, ..., 248, 248, 248],
       [248, 248, 248, ..., 248, 248, 248],
       [248, 248, 248, ..., 248, 248, 248],
       ...,
       [248, 248, 248, ..., 248, 248, 248],
       [248, 248, 248, ..., 248, 248, 248],
       [248, 248, 248, ..., 248, 248, 248]], dtype=uint8)


array([[106, 106, 106, ..., 106, 106, 106],
       [106, 106, 106, ..., 106, 106, 106],
       [106, 106, 106, ..., 106, 106, 106],
       ...,
       [105, 105, 105, ..., 105, 105, 105],
       [105, 105, 105, ..., 105, 105, 105],
       [105, 105, 105, ..., 105, 105, 105]], dtype=uint8)array([[237, 237, 237, ..., 237, 237, 237],
       [237, 237, 237, ..., 237, 237, 237],
       [237, 237, 237, ..., 237, 237, 237],
       ...,
       [240, 240, 240, ..., 240, 240, 240],
       [240, 240, 240, ..., 240, 240, 240],
       [240, 240, 240, ..., 240, 240, 240]], dtype=uint8)array([[248, 248, 248, ..., 248, 248, 248],
       [248, 248, 248, ..., 248, 248, 248],
       [248, 248, 248, ..., 248, 248, 248],
       ...,
       [248, 248, 248, ..., 248, 248, 248],
       [248, 248, 248, ..., 248, 248, 248],
       [248, 248, 248, ..., 248, 248, 248]], dtype=uint8)


array([[106, 106, 106, ..., 106, 106, 106],
       [106, 106, 106, ..., 106, 106, 106],
       [106, 106, 106, ..., 106, 106, 106],
       ...,
       [105, 105, 105, ..., 105, 105, 105],
       [105, 105, 105, ..., 105, 105, 105],
       [105, 105, 105, ..., 105, 105, 105]], dtype=uint8)array([[237, 237, 237, ..., 237, 237, 237],
       [237, 237, 237, ..., 237, 237, 237],
       [237, 237, 237, ..., 237, 237, 237],
       ...,
       [240, 240, 240, ..., 240, 240, 240],
       [240, 240, 240, ..., 240, 240, 240],
       [240, 240, 240, ..., 240, 240, 240]], dtype=uint8)array([[248, 248, 248, ..., 248, 248, 248],
       [248, 248, 248, ..., 248, 248, 248],
       [248, 248, 248, ..., 248, 248, 248],
       ...,
       [248, 248, 248, ..., 248, 248, 248],
       [248, 248, 248, ..., 248, 248, 248],
       [248, 248, 248, ..., 248, 248, 248]], dtype=uint8)


array([[106, 106, 106, ..., 106, 106, 106],
       [106, 106, 106, ..., 106, 106, 106],
       [106, 106, 106, ..., 106, 106, 106],
       ...,
       [105, 105, 105, ..., 105, 105, 105],
       [105, 105, 105, ..., 105, 105, 105],
       [105, 105, 105, ..., 105, 105, 105]], dtype=uint8)array([[237, 237, 237, ..., 237, 237, 237],
       [237, 237, 237, ..., 237, 237, 237],
       [237, 237, 237, ..., 237, 237, 237],
       ...,
       [240, 240, 240, ..., 240, 240, 240],
       [240, 240, 240, ..., 240, 240, 240],
       [240, 240, 240, ..., 240, 240, 240]], dtype=uint8)array([[248, 248, 248, ..., 248, 248, 248],
       [248, 248, 248, ..., 248, 248, 248],
       [248, 248, 248, ..., 248, 248, 248],
       ...,
       [248, 248, 248, ..., 248, 248, 248],
       [248, 248, 248, ..., 248, 248, 248],
       [248, 248, 248, ..., 248, 248, 248]], dtype=uint8)


array([[106, 106, 106, ..., 106, 106, 106],
       [106, 106, 106, ..., 106, 106, 106],
       [106, 106, 106, ..., 106, 106, 106],
       ...,
       [105, 105, 105, ..., 105, 105, 105],
       [105, 105, 105, ..., 105, 105, 105],
       [105, 105, 105, ..., 105, 105, 105]], dtype=uint8)array([[237, 237, 237, ..., 237, 237, 237],
       [237, 237, 237, ..., 237, 237, 237],
       [237, 237, 237, ..., 237, 237, 237],
       ...,
       [240, 240, 240, ..., 240, 240, 240],
       [240, 240, 240, ..., 240, 240, 240],
       [240, 240, 240, ..., 240, 240, 240]], dtype=uint8)array([[248, 248, 248, ..., 248, 248, 248],
       [248, 248, 248, ..., 248, 248, 248],
       [248, 248, 248, ..., 248, 248, 248],
       ...,
       [248, 248, 248, ..., 248, 248, 248],
       [248, 248, 248, ..., 248, 248, 248],
       [248, 248, 248, ..., 248, 248, 248]], dtype=uint8)


array([[106, 106, 106, ..., 106, 106, 106],
       [106, 106, 106, ..., 106, 106, 106],
       [106, 106, 106, ..., 106, 106, 106],
       ...,
       [105, 105, 105, ..., 105, 105, 105],
       [105, 105, 105, ..., 105, 105, 105],
       [105, 105, 105, ..., 105, 105, 105]], dtype=uint8)array([[237, 237, 237, ..., 237, 237, 237],
       [237, 237, 237, ..., 237, 237, 237],
       [237, 237, 237, ..., 237, 237, 237],
       ...,
       [240, 240, 240, ..., 240, 240, 240],
       [240, 240, 240, ..., 240, 240, 240],
       [240, 240, 240, ..., 240, 240, 240]], dtype=uint8)array([[248, 248, 248, ..., 248, 248, 248],
       [248, 248, 248, ..., 248, 248, 248],
       [248, 248, 248, ..., 248, 248, 248],
       ...,
       [248, 248, 248, ..., 248, 248, 248],
       [248, 248, 248, ..., 248, 248, 248],
       [248, 248, 248, ..., 248, 248, 248]], dtype=uint8)


